100
4 4
1.4000
0.5000 0.7000 0.8000 0.6000
2 2
1.0000
0.0000 0.0000
2 2
0.0000
0.9000 0.8000
2 2
0.1000
0.4000 0.5000
50 50
17.7107
0.5922 0.6788 0.5145 0.8292 0.0176 0.3138 0.5117 0.4289 0.2312 0.2956 0.6482 0.3354 0.0178 0.3529 0.3671 0.0483 0.0939 0.3202 0.5421 0.3560 0.6491 0.7303 0.6494 0.4656 0.1120 0.2465 0.1411 0.8593 0.9135 0.6581 0.7030 0.1256 0.2377 0.7933 0.8806 0.8389 0.7809 0.4076 0.9999 0.4610 0.9796 0.7858 0.1633 0.1527 0.6398 0.6441 0.3384 0.3640 0.2871 0.1617
50 50
16.4992
0.2426 0.0929 0.1623 0.7014 0.5639 0.8692 0.2791 0.9491 0.5631 0.3504 0.5593 0.0580 0.4334 0.6250 0.8036 0.7405 0.1001 0.0656 0.2566 0.6056 0.9698 0.3274 0.4340 0.4049 0.8632 0.9921 0.7633 0.9727 0.9712 0.1685 0.3498 0.8296 0.1553 0.2245 0.2877 0.2074 0.5559 0.4539 0.8271 0.0290 0.5519 0.7617 0.6210 0.8501 0.6768 0.5925 0.2398 0.9288 0.9110 0.2265
47 47
0.5837
0.8003 0.5373 0.8738 0.8867 0.4186 0.3602 0.3950 0.2756 0.4096 0.4740 0.3682 0.0304 0.7999 0.7335 0.5026 0.1213 0.7741 0.1457 0.7012 0.5603 0.8207 0.6131 0.6048 0.7970 0.3154 0.2637 0.7619 0.6248 0.2916 0.8283 0.1291 0.8463 0.5646 0.6586 0.4499 0.9918 0.3793 0.9160 0.0082 0.8177 0.2976 0.5956 0.6696 0.5064 0.7167 0.9137 0.0343
46 46
22.1964
0.2386 0.9150 0.5837 0.1295 0.4443 0.3787 0.9666 0.4603 0.4163 0.8089 0.0456 0.2634 0.7420 0.4715 0.9461 0.6309 0.7189 0.1242 0.1822 0.8674 0.1795 0.2278 0.1651 0.3170 0.4937 0.7931 0.2098 0.2480 0.2286 0.1077 0.1598 0.3555 0.0299 0.7728 0.3895 0.5917 0.4672 0.4709 0.8471 0.7215 0.3656 0.4919 0.4176 0.8933 0.9372 0.4328
45 45
13.8715
0.9996 0.1555 0.7692 0.7957 0.0372 0.8167 0.0035 0.8562 0.5570 0.1094 0.6816 0.8554 0.2225 0.1852 0.0922 0.8217 0.6098 0.7017 0.5824 0.1441 0.6228 0.0613 0.9331 0.7243 0.8492 0.9355 0.6676 0.5297 0.7783 0.9657 0.5467 0.0412 0.5387 0.5391 0.4680 0.9683 0.6415 0.8336 0.4326 0.4589 0.8743 0.9294 0.8850 0.0833 0.6800
46 46
23.6414
0.6349 0.1905 0.3616 0.8361 0.3723 0.7359 0.4322 0.2687 0.4184 0.5808 0.1543 0.3139 0.9241 0.2492 0.4947 0.4649 0.7897 0.8382 0.0246 0.3183 0.5046 0.2441 0.0427 0.4782 0.5799 0.7170 0.3884 0.0872 0.3986 0.4487 0.0567 0.7833 0.1924 0.8703 0.1352 0.0858 0.8943 0.4596 0.1447 0.4216 0.2194 0.8115 0.1964 0.6503 0.3233 0.8966
47 47
2.2784
0.9042 0.8156 0.8840 0.6483 0.1005 0.0239 0.3553 0.1305 0.1637 0.3084 0.6852 0.7586 0.9770 0.5519 0.1277 0.9963 0.8278 0.7939 0.6641 0.0708 0.9056 0.1664 0.1902 0.2346 0.4495 0.7958 0.1427 0.4923 0.5550 0.7511 0.1539 0.8419 0.8193 0.2816 0.9460 0.1370 0.6562 0.1028 0.6587 0.8489 0.6506 0.1259 0.3364 0.3204 0.9917 0.4354 0.3635
46 46
20.1696
0.1623 0.4942 0.8833 0.0290 0.5765 0.0955 0.2811 0.3446 0.6288 0.6005 0.1477 0.3255 0.5790 0.2012 0.1848 0.1950 0.4895 0.1407 0.6668 0.7263 0.4382 0.9075 0.1181 0.8424 0.1589 0.3824 0.7595 0.0242 0.9056 0.0544 0.0414 0.9206 0.8244 0.4166 0.3179 0.2240 0.2198 0.2077 0.5585 0.9026 0.7044 0.8317 0.6206 0.4436 0.5160 0.2482
49 49
2.2603
0.6857 0.2831 0.5352 0.1160 0.4606 0.7481 0.7444 0.2368 0.6125 0.2235 0.8354 0.8561 0.6942 0.5509 0.1679 0.7064 0.8378 0.0706 0.7213 0.3545 0.2017 0.1762 0.5165 0.4266 0.2062 0.8691 0.8491 0.6047 0.7001 0.2869 0.4581 0.0852 0.5154 0.3850 0.7961 0.0739 0.4379 0.5347 0.5095 0.1329 0.6873 0.4856 0.4795 0.7694 0.3106 0.5337 0.7932 0.7809 0.9229
46 46
18.6356
0.7424 0.2624 0.7730 0.4854 0.8417 0.4370 0.7845 0.7328 0.3004 0.0165 0.9563 0.8554 0.1419 0.0506 0.1645 0.5617 0.7214 0.3476 0.7034 0.7200 0.9821 0.5241 0.0682 0.4228 0.5570 0.9438 0.6422 0.2051 0.8664 0.5794 0.8519 0.9312 0.9067 0.1304 0.9195 0.6287 0.3313 0.3668 0.0255 0.1298 0.8780 0.3811 0.2802 0.9285 0.1433 0.2985
50 50
0.0000
0.8765 0.8765 0.8765 0.8765 0.8765 0.8765 0.8765 0.8765 0.8765 0.8765 0.8765 0.8765 0.8765 0.8765 0.8765 0.8765 0.8765 0.8765 0.8765 0.8765 0.8765 0.8765 0.8765 0.8765 0.8765 0.8765 0.8765 0.8765 0.8765 0.8765 0.8765 0.8765 0.8765 0.8765 0.8765 0.8765 0.8765 0.8765 0.8765 0.8765 0.8765 0.8765 0.8765 0.8765 0.8765 0.8765 0.8765 0.8765 0.8765 0.8765
50 50
19.0163
0.1147 0.4285 0.2606 0.8360 0.9467 0.7593 0.9609 0.4389 0.4458 0.2780 0.1539 0.0437 0.2978 0.4440 0.0740 0.7055 0.6981 0.3201 0.6337 0.9661 0.1897 0.0831 0.7386 0.7886 0.6882 0.5629 0.9914 0.4490 0.5745 0.7699 0.8217 0.2909 0.6370 0.0019 0.6546 0.9547 0.6099 0.9461 0.1813 0.3081 0.2766 0.7138 0.1297 0.9521 0.0752 0.6002 0.5016 0.1441 0.3150 0.4477
46 46
18.6131
0.0369 0.6396 0.6345 0.5504 0.4827 0.8492 0.6172 0.8382 0.1332 0.8477 0.2554 0.6846 0.4840 0.0161 0.1078 0.1598 0.2863 0.7998 0.0435 0.3828 0.8489 0.2187 0.8988 0.6984 0.8779 0.8539 0.5779 0.2640 0.4199 0.1678 0.6516 0.8739 0.4089 0.0295 0.3191 0.4107 0.1266 0.2209 0.9171 0.9899 0.8578 0.5963 0.9745 0.3652 0.4016 0.3186
49 49
24.1080
0.3208 0.9368 0.5719 0.6111 0.2554 0.6854 0.2873 0.0961 0.2472 0.8496 0.4148 0.8621 0.6902 0.9107 0.3730 0.1220 0.7794 0.4567 0.5155 0.3537 0.4522 0.1447 0.1951 0.1621 0.5523 0.6395 0.7491 0.6328 0.2637 0.1488 0.1906 0.5091 0.0196 0.7971 0.6364 0.2315 0.3889 0.7222 0.3266 0.1590 0.3515 0.2569 0.6997 0.4438 0.9663 0.7152 0.5654 0.7560 0.8513
50 50
18.0906
0.8690 0.9149 0.8839 0.8674 0.9299 0.2126 0.2820 0.5458 0.4038 0.8021 0.1731 0.9786 0.0191 0.9909 0.8638 0.8829 0.0892 0.0529 0.5124 0.9012 0.8342 0.2664 0.2429 0.2637 0.8799 0.7879 0.7610 0.3993 0.5659 0.4640 0.5247 0.5211 0.6310 0.2818 0.8342 0.0731 0.0279 0.4974 0.7702 0.8315 0.2537 0.3139 0.6451 0.1267 0.4208 0.3413 0.3047 0.2625 0.1080 0.0822
47 47
17.9913
0.0828 0.7932 0.2585 0.8508 0.0463 0.5053 0.0563 0.6803 0.5786 0.6869 0.7134 0.8410 0.9691 0.9570 0.6697 0.1714 0.4974 0.7698 0.6493 0.7245 0.1224 0.3951 0.7687 0.6625 0.4128 0.0632 0.1864 0.1028 0.8555 0.8358 0.5130 0.3061 0.3661 0.6547 0.4299 0.5180 0.7566 0.6715 0.5543 0.3941 0.2031 0.6824 0.4883 0.5902 0.1495 0.2415 0.4595
46 46
23.8322
0.9789 0.2652 0.1489 0.2851 0.1662 0.4054 0.1211 0.5240 0.4869 0.8812 0.3581 0.7675 0.0631 0.1187 0.5639 0.3838 0.3484 0.2410 0.5639 0.1097 0.3718 0.9396 0.6022 0.6186 0.2645 0.0928 0.5205 0.2710 0.6927 0.9968 0.2327 0.3994 0.2056 0.1165 0.3914 0.3624 0.7783 0.5329 0.0302 0.1730 0.5302 0.0383 0.9861 0.2067 0.1598 0.6428
50 50
0.0000
0.3333 0.3333 0.3333 0.3333 0.3333 0.3333 0.3333 0.3333 0.3333 0.3333 0.3333 0.3333 0.3333 0.3333 0.3333 0.3333 0.3333 0.3333 0.3333 0.3333 0.3333 0.3333 0.3333 0.3333 0.3333 0.3333 0.3333 0.3333 0.3333 0.3333 0.3333 0.3333 0.3333 0.3333 0.3333 0.3333 0.3333 0.3333 0.3333 0.3333 0.3333 0.3333 0.3333 0.3333 0.3333 0.3333 0.3333 0.3333 0.3333 0.3333
50 50
1.0000
0.0000 0.0000 0.0000 0.0000 0.0000 0.0000 0.0000 0.0000 0.0000 0.0000 0.0000 0.0000 0.0000 0.0000 0.0000 0.0000 0.0000 0.0000 0.0000 0.0000 0.0000 0.0000 0.0000 0.0000 0.0000 0.0000 0.0000 0.0000 0.0000 0.0000 0.0000 0.0000 0.0000 0.0000 0.0000 0.0000 0.0000 0.0000 0.0000 0.0000 0.0000 0.0000 0.0000 0.0000 0.0000 0.0000 0.0000 0.0000 0.0000 0.0000
49 49
19.6294
0.8235 0.1100 0.2213 0.7799 0.0845 0.7294 0.3042 0.2635 0.4815 0.5732 0.3794 0.7726 0.4309 0.6277 0.0195 0.7753 0.5274 0.5051 0.4160 0.3250 0.0930 0.5104 0.5003 0.9269 0.3042 0.1525 0.1424 0.9190 0.0986 0.2361 0.1583 0.5381 0.3521 0.3024 0.8861 0.7234 0.3697 0.6631 0.2002 0.8633 0.9983 0.6050 0.3396 0.0512 0.3594 0.3367 0.8928 0.5812 0.5132
50 50
17.9789
0.9408 0.8133 0.9392 0.2218 0.4583 0.3448 0.0693 0.1744 0.6139 0.1822 0.4749 0.7082 0.5967 0.2251 0.2599 0.3982 0.8395 0.7361 0.4016 0.5920 0.7647 0.5973 0.3586 0.2174 0.8838 0.5887 0.4118 0.2110 0.4612 0.7022 0.9645 0.2270 0.9924 0.8739 0.6680 0.8012 0.0240 0.6256 0.7066 0.3990 0.8526 0.3965 0.3777 0.6666 0.8745 0.6528 0.6609 0.2552 0.7249 0.8442
46 46
16.1773
0.7510 0.7296 0.1209 0.3109 0.3368 0.6726 0.7929 0.4096 0.6089 0.3218 0.8570 0.7183 0.9572 0.7116 0.0693 0.4127 0.2062 0.7935 0.5043 0.7345 0.1052 0.9951 0.6303 0.6403 0.3482 0.0182 0.9420 0.5438 0.4532 0.3936 0.4350 0.3128 0.3716 0.3988 0.6715 0.0289 0.1108 0.1911 0.8798 0.5010 0.3252 0.9132 0.4195 0.2304 0.6195 0.6100
45 45
3.5904
0.3448 0.7715 0.8465 0.2414 0.7122 0.4820 0.4520 0.3880 0.5679 0.4465 0.3252 0.8945 0.3308 0.1824 0.3655 0.1272 0.3085 0.7398 0.2361 0.1036 0.8075 0.8268 0.7248 0.5127 0.5776 0.9563 0.7976 0.6942 0.4972 0.3028 0.3892 0.2692 0.4654 0.1847 0.3233 0.5221 0.1018 0.1720 0.9111 0.4031 0.6697 0.4568 0.4581 0.3324 0.4244
48 48
22.5349
0.0091 0.0580 0.1795 0.1802 0.6565 0.2740 0.3417 0.4672 0.9432 0.8262 0.6214 0.3506 0.6428 0.9781 0.4881 0.8393 0.5542 0.2862 0.2955 0.8351 0.4035 0.8481 0.1868 0.3533 0.0793 0.7611 0.2730 0.7623 0.0070 0.5736 0.1198 0.0631 0.3418 0.3308 0.0742 0.6124 0.3934 0.4780 0.9603 0.2750 0.3348 0.5168 0.4255 0.4335 0.8197 0.5884 0.2151 0.1752
1 1
1.0000
0.0000
45 45
16.9555
0.8749 0.9047 0.1360 0.3831 0.3687 0.4059 0.9665 0.8843 0.2771 0.6893 0.5937 0.7769 0.3473 0.7544 0.4418 0.9994 0.1474 0.8193 0.4805 0.4848 0.7109 0.8276 0.9727 0.3251 0.4916 0.2392 0.3088 0.5991 0.0587 0.7305 0.9610 0.3047 0.7573 0.2753 0.9706 0.4119 0.3172 0.7703 0.6972 0.7228 0.5473 0.2426 0.9029 0.6462 0.2699
45 45
17.7937
0.3578 0.4092 0.7554 0.6567 0.5715 0.0501 0.8132 0.6006 0.6680 0.7406 0.3303 0.5007 0.7023 0.4183 0.2721 0.1694 0.7773 0.4708 0.9910 0.5331 0.7704 0.7619 0.3021 0.6706 0.0841 0.0343 0.2960 0.4251 0.6103 0.7003 0.6538 0.3511 0.8953 0.3421 0.8760 0.6619 0.9744 0.1296 0.7709 0.3010 0.3094 0.2282 0.9080 0.9077 0.7391
50 50
50.0000
0.0000 0.0000 0.0000 0.0000 0.0000 0.0000 0.0000 0.0000 0.0000 0.0000 0.0000 0.0000 0.0000 0.0000 0.0000 0.0000 0.0000 0.0000 0.0000 0.0000 0.0000 0.0000 0.0000 0.0000 0.0000 0.0000 0.0000 0.0000 0.0000 0.0000 0.0000 0.0000 0.0000 0.0000 0.0000 0.0000 0.0000 0.0000 0.0000 0.0000 0.0000 0.0000 0.0000 0.0000 0.0000 0.0000 0.0000 0.0000 0.0000 0.0000
50 50
24.8969
0.1239 0.0143 0.3354 0.8209 0.6193 0.6531 0.2515 0.7004 0.1466 0.7251 0.3154 0.7533 0.6013 0.7812 0.5137 0.2187 0.5296 0.7435 0.5406 0.3074 0.9130 0.5722 0.4370 0.5430 0.5102 0.0145 0.3450 0.7202 0.2944 0.4361 0.6903 0.4008 0.1204 0.3307 0.8126 0.6345 0.4095 0.1367 0.1430 0.0875 0.7987 0.9074 0.2976 0.9283 0.1480 0.1707 0.5800 0.0129 0.0670 0.8127
49 49
21.1490
0.5644 0.8799 0.7089 0.0252 0.7609 0.5705 0.8956 0.9400 0.8007 0.4680 0.1086 0.7208 0.7988 0.0617 0.2316 0.2807 0.4571 0.3957 0.3089 0.4380 0.8267 0.1279 0.9321 0.4364 0.2027 0.2249 0.0531 0.3636 0.6179 0.6930 0.1502 0.0479 0.6475 0.8418 0.9396 0.2954 0.7107 0.1786 0.1628 0.8321 0.7884 0.5825 0.4981 0.8540 0.9443 0.2099 0.4892 0.2207 0.7951
50 50
18.3913
0.3487 0.2682 0.6445 0.9635 0.7206 0.8305 0.0998 0.9649 0.8269 0.2177 0.2126 0.4878 0.7592 0.9865 0.5945 0.5318 0.3190 0.6669 0.3241 0.9412 0.3024 0.4843 0.7385 0.9755 0.4935 0.0870 0.6471 0.5711 0.1263 0.5161 0.5936 0.7610 0.5078 0.6999 0.9368 0.9578 0.0282 0.3894 0.5872 0.7458 0.1218 0.9273 0.6888 0.6642 0.2514 0.7954 0.0547 0.8731 0.1102 0.0195
46 46
16.1249
0.9815 0.3674 0.9856 0.5555 0.4346 0.7769 0.4277 0.9180 0.4721 0.1071 0.4812 0.9603 0.6800 0.6668 0.9217 0.5575 0.5703 0.2336 0.6450 0.9401 0.3944 0.3188 0.2056 0.5088 0.8824 0.8628 0.8819 0.2140 0.1199 0.9049 0.9030 0.9495 0.4390 0.1796 0.5890 0.5644 0.3453 0.5555 0.6509 0.7180 0.9891 0.4566 0.0742 0.4298 0.3185 0.7344
46 46
15.2963
0.8689 0.7309 0.3946 0.3957 0.9321 0.4612 0.9709 0.8579 0.2008 0.6610 0.5694 0.6649 0.2890 0.7152 0.7425 0.3319 0.4897 0.1666 0.7478 0.9192 0.9062 0.9439 0.6847 0.1166 0.6965 0.1763 0.3168 0.3183 0.2454 0.3741 0.7585 0.3120 0.8557 0.4944 0.2688 0.6917 0.2113 0.3109 0.7689 0.4286 0.9518 0.1961 0.0398 0.7490 0.8266 0.6889
45 45
17.4175
0.6574 0.6091 0.6336 0.1310 0.5572 0.5227 0.0825 0.9447 0.6263 0.7604 0.4937 0.5079 0.8553 0.5538 0.8695 0.6733 0.0228 0.0354 0.2748 0.8216 0.4538 0.5501 0.4330 0.4169 0.6186 0.9560 0.4850 0.4296 0.5175 0.4117 0.5438 0.7672 0.2919 0.9164 0.1377 0.0397 0.7886 0.2089 0.5132 0.8935 0.2833 0.8448 0.9044 0.0596 0.7627
50 50
1.0000
0.3333 0.3333 0.3333 0.3333 0.3333 0.3333 0.3333 0.3333 0.3333 0.3333 0.3333 0.3333 0.3333 0.3333 0.3333 0.3333 0.3333 0.3333 0.3333 0.3333 0.3333 0.3333 0.3333 0.3333 0.3333 0.3333 0.3333 0.3333 0.3333 0.3333 0.3333 0.3333 0.3333 0.3333 0.3333 0.3333 0.3333 0.3333 0.3333 0.3333 0.3333 0.3333 0.3333 0.3333 0.3333 0.3333 0.3333 0.3333 0.3333 0.3333
50 50
0.0050
0.9999 0.9999 0.9999 0.9999 0.9999 0.9999 0.9999 0.9999 0.9999 0.9999 0.9999 0.9999 0.9999 0.9999 0.9999 0.9999 0.9999 0.9999 0.9999 0.9999 0.9999 0.9999 0.9999 0.9999 0.9999 0.9999 0.9999 0.9999 0.9999 0.9999 0.9999 0.9999 0.9999 0.9999 0.9999 0.9999 0.9999 0.9999 0.9999 0.9999 0.9999 0.9999 0.9999 0.9999 0.9999 0.9999 0.9999 0.9999 0.9999 0.9999
4 4
0.0001
0.0000 0.0000 0.0000 0.0000
48 48
22.3864
0.5469 0.6032 0.3152 0.9878 0.2962 0.1110 0.0741 0.3999 0.3249 0.0282 0.5913 0.4829 0.1704 0.8881 0.2584 0.2886 0.3096 0.9695 0.2635 0.2751 0.3991 0.0998 0.2093 0.5616 0.6982 0.8992 0.0968 0.1037 0.7170 0.4831 0.9733 0.9668 0.5140 0.1543 0.1945 0.4023 0.0717 0.2730 0.7887 0.1165 0.2004 0.8343 0.8268 0.7174 0.2563 0.4890 0.8998 0.6537
48 48
19.5343
0.6831 0.8682 0.6676 0.0554 0.6581 0.3185 0.7902 0.3231 0.7605 0.9702 0.0822 0.7285 0.5412 0.4280 0.6301 0.9297 0.2349 0.7532 0.8793 0.0460 0.4015 0.2992 0.2541 0.3130 0.4048 0.9378 0.5811 0.3938 0.3965 0.7819 0.4721 0.0948 0.4619 0.5482 0.7246 0.1838 0.2057 0.0248 0.5876 0.2353 0.2391 0.3327 0.5228 0.1552 0.1762 0.8474 0.5748 0.3361
46 46
23.8020
0.6075 0.6149 0.3216 0.0892 0.8238 0.0202 0.2266 0.0344 0.6774 0.7856 0.5646 0.8469 0.4315 0.4077 0.8689 0.5336 0.4546 0.7031 0.2702 0.2034 0.2249 0.5342 0.0413 0.3883 0.2895 0.1337 0.4467 0.1905 0.0993 0.1352 0.5849 0.9276 0.0127 0.5499 0.6119 0.7088 0.1193 0.0300 0.2191 0.4959 0.6049 0.2665 0.8742 0.3586 0.3582 0.3302
48 48
18.3078
0.7848 0.4752 0.4137 0.4148 0.1643 0.1515 0.9051 0.6064 0.5627 0.6958 0.8961 0.8057 0.4474 0.7749 0.9273 0.7728 0.4450 0.3849 0.0674 0.7616 0.8690 0.2077 0.2223 0.9301 0.4964 0.7745 0.8028 0.8644 0.7857 0.7810 0.9181 0.3927 0.5202 0.3874 0.0529 0.0915 0.2157 0.7129 0.4652 0.7885 0.9073 0.9812 0.9947 0.1542 0.2673 0.1227 0.8206 0.7724
49 49
16.9820
0.8314 0.2174 0.5628 0.0174 0.8656 0.9261 0.1542 0.5955 0.1420 0.8521 0.6590 0.9552 0.9817 0.6170 0.1792 0.6089 0.0681 0.3332 0.7390 0.9726 0.9339 0.1093 0.2881 0.9295 0.7800 0.8140 0.0739 0.6174 0.8482 0.1322 0.9298 0.2135 0.9396 0.0737 0.0047 0.7479 0.5722 0.0414 0.6043 0.3954 0.5982 0.6329 0.1508 0.9774 0.0056 0.5025 0.2147 0.4406 0.2592
50 50
0.0000
0.9999 0.9999 0.9999 0.9999 0.9999 0.9999 0.9999 0.9999 0.9999 0.9999 0.9999 0.9999 0.9999 0.9999 0.9999 0.9999 0.9999 0.9999 0.9999 0.9999 0.9999 0.9999 0.9999 0.9999 0.9999 0.9999 0.9999 0.9999 0.9999 0.9999 0.9999 0.9999 0.9999 0.9999 0.9999 0.9999 0.9999 0.9999 0.9999 0.9999 0.9999 0.9999 0.9999 0.9999 0.9999 0.9999 0.9999 0.9999 0.9999 0.9999
47 47
20.2098
0.9950 0.0529 0.9184 0.5567 0.2385 0.5109 0.3150 0.6041 0.4293 0.3485 0.1870 0.9133 0.0952 0.6701 0.0328 0.3263 0.6505 0.2320 0.5312 0.2498 0.4620 0.9221 0.2779 0.3475 0.7581 0.5719 0.7127 0.6804 0.4075 0.1627 0.1657 0.4805 0.5284 0.6736 0.4207 0.3553 0.9744 0.4806 0.7083 0.5475 0.6175 0.2776 0.1183 0.6836 0.5132 0.0437 0.8463
49 49
18.5140
0.7067 0.3191 0.8457 0.5115 0.4372 0.0148 0.1640 0.0613 0.4687 0.4318 0.5751 0.3833 0.8280 0.6640 0.9915 0.4142 0.6237 0.4933 0.8173 0.5466 0.9805 0.2112 0.9394 0.9470 0.6821 0.0283 0.7326 0.1768 0.8194 0.7299 0.1231 0.8933 0.9204 0.0923 0.1041 0.7470 0.4098 0.2291 0.7512 0.6635 0.8453 0.9482 0.5984 0.6788 0.2874 0.6012 0.4152 0.8268 0.8322
49 49
15.7162
0.5342 0.7222 0.9025 0.3182 0.6629 0.5180 0.3610 0.9576 0.8122 0.6334 0.8527 0.7641 0.4808 0.2250 0.5935 0.8053 0.7283 0.0151 0.7952 0.9899 0.5405 0.6021 0.9772 0.7319 0.9790 0.1340 0.6083 0.3814 0.3496 0.0827 0.6483 0.4723 0.8471 0.4632 0.8150 0.0802 0.5862 0.3727 0.7551 0.2519 0.2268 0.8360 0.6868 0.2985 0.0788 0.9917 0.5531 0.8503 0.0500
45 45
17.3736
0.3343 0.8961 0.6804 0.1255 0.3252 0.1107 0.5643 0.5201 0.5826 0.4725 0.3529 0.2785 0.2734 0.4085 0.1225 0.2167 0.9173 0.4596 0.9625 0.2183 0.1661 0.3264 0.6769 0.2138 0.6333 0.1225 0.2611 0.5690 0.3510 0.9308 0.8906 0.6121 0.5791 0.9757 0.1125 0.9936 0.9737 0.3123 0.6808 0.2634 0.4618 0.3517 0.5452 0.1767 0.4878
50 50
0.0000
0.0000 0.0000 0.0000 0.0000 0.0000 0.0000 0.0000 0.0000 0.0000 0.0000 0.0000 0.0000 0.0000 0.0000 0.0000 0.0000 0.0000 0.0000 0.0000 0.0000 0.0000 0.0000 0.0000 0.0000 0.0000 0.0000 0.0000 0.0000 0.0000 0.0000 0.0000 0.0000 0.0000 0.0000 0.0000 0.0000 0.0000 0.0000 0.0000 0.0000 0.0000 0.0000 0.0000 0.0000 0.0000 0.0000 0.0000 0.0000 0.0000 0.0000
48 48
18.2852
0.1451 0.5188 0.3787 0.4682 0.2231 0.2655 0.3015 0.2899 0.5352 0.6071 0.3503 0.4933 0.0664 0.9414 0.0078 0.3422 0.4696 0.9356 0.2247 0.9399 0.1400 0.2797 0.8671 0.2266 0.0630 0.5622 0.0303 0.4593 0.0328 0.8925 0.5045 0.7592 0.4170 0.2056 0.1234 0.7662 0.4318 0.7882 0.6519 0.6196 0.4491 0.6279 0.8264 0.3635 0.9186 0.6869 0.4914 0.3975
2 2
0.0000
1.0000 1.0000
4 4
1.3999
0.5000 0.6000 0.7000 0.8000
46 46
18.5909
0.8095 0.0867 0.0606 0.2221 0.2985 0.2538 0.5786 0.7942 0.5719 0.3252 0.6601 0.4413 0.0435 0.6219 0.6056 0.4000 0.4314 0.9836 0.9456 0.2865 0.1286 0.6887 0.8927 0.4463 0.0743 0.2186 0.0826 0.0643 0.1385 0.9912 0.8572 0.3548 0.8580 0.9358 0.6584 0.6081 0.9720 0.6147 0.5338 0.4127 0.8512 0.0458 0.9605 0.7151 0.7716 0.4030
50 50
20.2074
0.4849 0.6214 0.1092 0.2658 0.7411 0.8307 0.8790 0.3678 0.0503 0.5088 0.4651 0.0078 0.0678 0.6980 0.7698 0.9031 0.1351 0.9120 0.0598 0.5580 0.4868 0.8337 0.1473 0.8056 0.5870 0.5814 0.0555 0.5315 0.4232 0.6444 0.1605 0.7458 0.0861 0.2108 0.1067 0.5811 0.3596 0.0600 0.1135 0.8702 0.6064 0.4730 0.2468 0.3451 0.0484 0.8657 0.9807 0.4645 0.2292 0.6329
50 50
20.3144
0.5638 0.5517 0.1439 0.4608 0.3186 0.1026 0.9938 0.6881 0.4301 0.1285 0.0006 0.7078 0.4993 0.3758 0.1378 0.1714 0.1393 0.8234 0.6483 0.9608 0.1516 0.6611 0.8285 0.5546 0.9142 0.6662 0.7328 0.0470 0.5212 0.0612 0.9406 0.2826 0.6293 0.1249 0.0961 0.4228 0.6641 0.7062 0.0046 0.1889 0.5750 0.2665 0.2670 0.9120 0.8587 0.0898 0.0266 0.8007 0.0179 0.1991
47 47
17.0575
0.8130 0.6313 0.2223 0.3415 0.9237 0.8521 0.2244 0.5203 0.5172 0.7184 0.1507 0.9027 0.0063 0.9576 0.9426 0.1503 0.5214 0.8866 0.8270 0.2950 0.0142 0.0806 0.9618 0.8155 0.7054 0.2143 0.7475 0.7048 0.9234 0.5678 0.5129 0.6330 0.3357 0.5931 0.9119 0.7103 0.9100 0.9681 0.2718 0.8555 0.2576 0.5531 0.4107 0.0331 0.6906 0.9080 0.1435
1 1
0.3333
0.5000
1 1
0.3333
0.0000
45 45
18.3861
0.3324 0.1487 0.6941 0.7828 0.8037 0.0424 0.0636 0.5732 0.3031 0.7483 0.8191 0.8997 0.3445 0.0304 0.7775 0.8142 0.1051 0.5248 0.3480 0.6126 0.5000 0.1600 0.2760 0.0056 0.9282 0.5803 0.9543 0.4677 0.1809 0.6640 0.2866 0.3664 0.9106 0.7031 0.4652 0.6136 0.1208 0.3389 0.2682 0.6419 0.6336 0.0472 0.5545 0.6503 0.1462
49 49
16.9033
0.4592 0.6545 0.1365 0.9208 0.2530 0.1903 0.4830 0.7612 0.0769 0.2964 0.2166 0.6450 0.2507 0.8121 0.7960 0.1889 0.0238 0.2896 0.1622 0.7042 0.9120 0.2420 0.9521 0.6793 0.0682 0.9523 0.3472 0.6685 0.8913 0.4980 0.9720 0.0828 0.3497 0.4240 0.4321 0.1374 0.2428 0.8295 0.7434 0.1911 0.7507 0.2249 0.4009 0.0543 0.4022 0.8664 0.9135 0.8561 0.3824
45 45
17.7299
0.6817 0.2485 0.9541 0.9461 0.0529 0.0703 0.5933 0.2854 0.8875 0.1604 0.8346 0.2147 0.5111 0.6055 0.7633 0.0673 0.8245 0.2500 0.8191 0.3943 0.3075 0.6078 0.7005 0.5954 0.4941 0.8504 0.7963 0.9259 0.9327 0.9109 0.6622 0.0944 0.8332 0.5212 0.9527 0.4596 0.8761 0.4268 0.9859 0.1960 0.1266 0.8383 0.0301 0.4572 0.9480
2 2
0.3333
0.0000 0.0000
46 46
18.8302
0.5897 0.1577 0.0989 0.0955 0.7582 0.5027 0.1231 0.5475 0.1691 0.0083 0.8868 0.2691 0.8392 0.2373 0.1558 0.9210 0.7431 0.3610 0.6994 0.5851 0.1892 0.1357 0.7564 0.3340 0.8918 0.8519 0.4502 0.8591 0.5912 0.1937 0.5334 0.6751 0.1324 0.6160 0.6833 0.0954 0.8240 0.8413 0.3260 0.0294 0.5105 0.3337 0.2022 0.5684 0.7514 0.6281
50 50
18.4117
0.8894 0.0924 0.1845 0.4728 0.0571 0.3752 0.0368 0.5737 0.6766 0.7184 0.9095 0.3302 0.1627 0.3980 0.7361 0.9808 0.5765 0.3163 0.3929 0.6598 0.2139 0.6833 0.8933 0.3316 0.3831 0.8439 0.0066 0.5932 0.4779 0.1647 0.5897 0.8028 0.7044 0.0332 0.9136 0.7282 0.4227 0.4922 0.3766 0.5749 0.9090 0.7094 0.8199 0.9906 0.0205 0.1870 0.7456 0.9759 0.0012 0.8000
48 48
15.0635
0.5398 0.4772 0.6708 0.2573 0.5758 0.7652 0.3628 0.7718 0.9336 0.0429 0.9008 0.3686 0.9576 0.6027 0.4718 0.7774 0.1246 0.2456 0.6251 0.5838 0.3215 0.8548 0.5485 0.9111 0.5142 0.7712 0.3634 0.4246 0.1178 0.0089 0.7318 0.7526 0.2665 0.9561 0.6513 0.4855 0.7302 0.9888 0.0799 0.6412 0.2454 0.6850 0.1790 0.2808 0.6124 0.2919 0.7458 0.9375
50 50
0.6901
0.7744 0.7205 0.7742 0.9926 0.7417 0.8091 0.1090 0.0857 0.1842 0.7951 0.2108 0.0539 0.5983 0.3512 0.3724 0.8764 0.6759 0.1224 0.9641 0.8265 0.9318 0.8928 0.6915 0.2215 0.1761 0.8871 0.5154 0.3483 0.0507 0.2187 0.5160 0.2665 0.0863 0.6986 0.6598 0.6196 0.9438 0.5109 0.2791 0.3303 0.8733 0.0932 0.3337 0.7255 0.7287 0.2443 0.2683 0.0770 0.3158 0.1546
46 46
17.8028
0.6840 0.1184 0.2298 0.9993 0.1942 0.4067 0.9629 0.0010 0.5547 0.0117 0.7967 0.8621 0.3690 0.0121 0.7396 0.9627 0.6360 0.3633 0.1311 0.8520 0.8455 0.9243 0.4062 0.9419 0.4184 0.8147 0.6131 0.7180 0.0470 0.3119 0.4694 0.1903 0.6011 0.4587 0.9347 0.9220 0.3676 0.3077 0.2852 0.4180 0.7333 0.5255 0.1932 0.6973 0.7450 0.9524
2 2
0.5000
0.5000 0.5000
50 50
19.0974
0.8424 0.9553 0.0524 0.3600 0.7826 0.6317 0.3594 0.2633 0.9033 0.1653 0.0478 0.8611 0.5819 0.5881 0.0436 0.8832 0.0114 0.9081 0.8919 0.3972 0.9520 0.9800 0.8363 0.3016 0.9091 0.3646 0.3708 0.8858 0.1253 0.0806 0.8981 0.0862 0.6728 0.1740 0.2335 0.3166 0.3674 0.8521 0.3262 0.1620 0.8127 0.2618 0.8320 0.2062 0.2003 0.4338 0.8043 0.4378 0.2586 0.8846
48 48
24.6135
0.7504 0.7738 0.7664 0.5873 0.2753 0.5757 0.9040 0.2427 0.2986 0.6967 0.5793 0.5312 0.9139 0.0432 0.0160 0.4357 0.4890 0.3050 0.8833 0.1853 0.4519 0.3158 0.1429 0.3998 0.8014 0.4032 0.1975 0.1906 0.7113 0.1738 0.5529 0.0017 0.8707 0.4011 0.1767 0.2338 0.1476 0.1068 0.7187 0.0208 0.8858 0.7388 0.3387 0.8688 0.6371 0.3337 0.7419 0.1546
49 49
18.6040
0.2575 0.1832 0.6549 0.3014 0.8648 0.2801 0.7560 0.5986 0.9046 0.9961 0.4364 0.8990 0.4182 0.2481 0.0965 0.0894 0.8135 0.1514 0.0178 0.2094 0.3603 0.0246 0.7890 0.1013 0.3124 0.1547 0.9384 0.6343 0.1819 0.6339 0.8194 0.7552 0.2834 0.2650 0.0581 0.5460 0.6400 0.7098 0.6804 0.3471 0.7947 0.3303 0.1789 0.8260 0.2332 0.1588 0.1783 0.2262 0.3293
50 50
0.0000
0.8700 0.8700 0.8700 0.8700 0.8700 0.8700 0.8700 0.8700 0.8700 0.8700 0.8700 0.8700 0.8700 0.8700 0.8700 0.8700 0.8700 0.8700 0.8700 0.8700 0.8700 0.8700 0.8700 0.8700 0.8700 0.8700 0.8700 0.8700 0.8700 0.8700 0.8700 0.8700 0.8700 0.8700 0.8700 0.8700 0.8700 0.8700 0.8700 0.8700 0.8700 0.8700 0.8700 0.8700 0.8700 0.8700 0.8700 0.8700 0.8700 0.8700
45 45
17.9404
0.3475 0.6780 0.6205 0.0137 0.7143 0.9309 0.9087 0.8532 0.0302 0.0489 0.3131 0.2763 0.6636 0.2071 0.7087 0.2632 0.4509 0.2461 0.3951 0.3652 0.5782 0.9221 0.6455 0.4756 0.1900 0.7101 0.9897 0.0521 0.4450 0.9393 0.8904 0.0687 0.9488 0.0666 0.4083 0.3958 0.7960 0.3866 0.3678 0.3689 0.6260 0.7890 0.2587 0.4181 0.1029
50 50
33.3350
0.3333 0.3333 0.3333 0.3333 0.3333 0.3333 0.3333 0.3333 0.3333 0.3333 0.3333 0.3333 0.3333 0.3333 0.3333 0.3333 0.3333 0.3333 0.3333 0.3333 0.3333 0.3333 0.3333 0.3333 0.3333 0.3333 0.3333 0.3333 0.3333 0.3333 0.3333 0.3333 0.3333 0.3333 0.3333 0.3333 0.3333 0.3333 0.3333 0.3333 0.3333 0.3333 0.3333 0.3333 0.3333 0.3333 0.3333 0.3333 0.3333 0.3333
1 1
0.0000
1.0000
49 49
15.0739
0.4488 0.5957 0.2111 0.1475 0.4062 0.7004 0.5731 0.5120 0.5801 0.6244 0.9090 0.1559 0.4000 0.9975 0.3232 0.3281 0.6805 0.3151 0.0032 0.9962 0.9732 0.8516 0.7256 0.5891 0.5210 0.9557 0.5520 0.6259 0.9667 0.2997 0.3022 0.5798 0.8565 0.6154 0.1034 0.3004 0.9081 0.6205 0.5133 0.9293 0.1185 0.6070 0.8737 0.3960 0.9790 0.8976 0.5520 0.7397 0.9851
49 49
19.8577
0.2469 0.6600 0.5280 0.5073 0.3800 0.0605 0.3357 0.9484 0.7256 0.9842 0.3389 0.6714 0.1616 0.5950 0.6708 0.0428 0.8324 0.1403 0.7622 0.1678 0.0004 0.3909 0.1967 0.4148 0.1423 0.6755 0.9734 0.1301 0.1420 0.8881 0.9578 0.8536 0.5527 0.1306 0.3143 0.0283 0.1809 0.5499 0.9299 0.5640 0.5282 0.9928 0.7080 0.0275 0.2931 0.1797 0.3775 0.6146 0.8551
49 49
25.7053
0.4496 0.8357 0.2974 0.9159 0.0837 0.8429 0.7479 0.7551 0.0101 0.0561 0.5232 0.8163 0.7007 0.1430 0.0101 0.3365 0.1166 0.8425 0.4395 0.2181 0.6572 0.3177 0.4401 0.5515 0.5098 0.5266 0.9651 0.3639 0.0010 0.1427 0.9538 0.4174 0.8659 0.2235 0.0431 0.9673 0.1453 0.9777 0.1733 0.7596 0.7057 0.9140 0.5306 0.0611 0.0827 0.4736 0.4790 0.1865 0.5083
1 1
0.5000
0.5000
50 50
0.0000
1.0000 1.0000 1.0000 1.0000 1.0000 1.0000 1.0000 1.0000 1.0000 1.0000 1.0000 1.0000 1.0000 1.0000 1.0000 1.0000 1.0000 1.0000 1.0000 1.0000 1.0000 1.0000 1.0000 1.0000 1.0000 1.0000 1.0000 1.0000 1.0000 1.0000 1.0000 1.0000 1.0000 1.0000 1.0000 1.0000 1.0000 1.0000 1.0000 1.0000 1.0000 1.0000 1.0000 1.0000 1.0000 1.0000 1.0000 1.0000 1.0000 1.0000
49 49
15.5536
0.1407 0.3875 0.6329 0.1445 0.6826 0.1030 0.6700 0.8505 0.0538 0.8067 0.8126 0.9032 0.9021 0.2398 0.5630 0.8874 0.5869 0.4272 0.5464 0.1830 0.6867 0.5742 0.5068 0.7089 0.8127 0.1369 0.6282 0.2909 0.8711 0.1448 0.7041 0.5434 0.9018 0.9416 0.2816 0.5729 0.5666 0.2229 0.8391 0.3302 0.5898 0.2973 0.3881 0.7572 0.9182 0.8884 0.7734 0.2040 0.8140
2 2
0.3333
0.5000 0.5000
47 47
16.1534
0.4313 0.8045 0.1144 0.6503 0.4519 0.1250 0.6267 0.7188 0.0347 0.8873 0.9620 0.7725 0.1007 0.8477 0.8017 0.9478 0.5808 0.5304 0.0868 0.0647 0.8702 0.7176 0.4486 0.7822 0.1170 0.8376 0.5569 0.2012 0.9383 0.6299 0.7201 0.4181 0.7974 0.5759 0.7147 0.1275 0.9294 0.2785 0.0091 0.5226 0.7422 0.3962 0.4463 0.2616 0.4728 0.4831 0.5306
45 45
16.3038
0.4713 0.9415 0.4634 0.5876 0.2969 0.9310 0.1561 0.4545 0.6017 0.0755 0.5088 0.6081 0.8512 0.7708 0.1774 0.1238 0.3239 0.2149 0.2017 0.3292 0.6043 0.0986 0.9255 0.0659 0.4247 0.7832 0.9969 0.0277 0.9249 0.4972 0.5381 0.5395 0.4375 0.5732 0.2548 0.3462 0.5121 0.8048 0.5559 0.4078 0.6594 0.9502 0.5119 0.8224 0.3952
47 47
15.8668
0.0281 0.4791 0.0566 0.8076 0.1954 0.4614 0.7208 0.8162 0.4144 0.3765 0.8477 0.7941 0.8534 0.2079 0.5772 0.9297 0.8199 0.1929 0.3601 0.4174 0.8805 0.5471 0.0314 0.5023 0.4244 0.1542 0.8853 0.4109 0.3993 0.5770 0.6210 0.5706 0.9631 0.3211 0.0554 0.2786 0.1750 0.4228 0.5304 0.4595 0.2063 0.3067 0.8190 0.7124 0.8635 0.2003 0.7983
45 45
18.9221
0.1347 0.2721 0.2111 0.7386 0.8704 0.1209 0.2225 0.6673 0.2591 0.2741 0.8234 0.7474 0.7152 0.5084 0.7800 0.1729 0.9687 0.5872 0.2174 0.0412 0.4547 0.8947 0.6258 0.4847 0.0854 0.7654 0.3576 0.0404 0.8565 0.4629 0.5558 0.8629 0.9669 0.1743 0.2338 0.7438 0.4870 0.9461 0.3392 0.5864 0.0569 0.1138 0.2281 0.3257 0.1542
49 49
20.5487
0.7884 0.6265 0.5558 0.7631 0.4839 0.9787 0.0096 0.2661 0.7064 0.0649 0.3442 0.7375 0.4062 0.3234 0.3239 0.1573 0.4511 0.0497 0.8926 0.0449 0.7499 0.5941 0.1142 0.1220 0.5718 0.9558 0.9186 0.5778 0.1585 0.5004 0.3869 0.8596 0.7957 0.7171 0.4087 0.3929 0.0944 0.7776 0.7307 0.8515 0.3255 0.9415 0.9239 0.6816 0.1541 0.4241 0.2135 0.5129 0.0467
46 46
16.4159
0.9697 0.1708 0.7239 0.1268 0.2103 0.4440 0.7846 0.7363 0.7706 0.6588 0.0998 0.9234 0.8682 0.4444 0.3996 0.0350 0.5519 0.9612 0.3097 0.3172 0.5575 0.6098 0.4399 0.7127 0.4387 0.4972 0.3776 0.4817 0.5989 0.0492 0.6826 0.8699 0.7315 0.8636 0.4779 0.8869 0.0004 0.4753 0.0301 0.4282 0.4693 0.2122 0.2179 0.6737 0.8406 0.8216
47 47
21.5143
0.6025 0.0728 0.2476 0.8636 0.4753 0.1307 0.5101 0.9348 0.3463 0.1199 0.4558 0.6718 0.7800 0.6480 0.8472 0.7157 0.2548 0.5501 0.7565 0.2256 0.6596 0.3422 0.8742 0.6842 0.5707 0.6403 0.1818 0.3874 0.4214 0.9431 0.0961 0.7999 0.8939 0.0773 0.2616 0.9126 0.1135 0.4382 0.3125 0.6888 0.1223 0.0137 0.1161 0.9243 0.3830 0.9833 0.2705
50 50
0.0049
0.9999 0.9999 0.9999 0.9999 0.9999 0.9999 0.9999 0.9999 0.9999 0.9999 0.9999 0.9999 0.9999 0.9999 0.9999 0.9999 0.9999 0.9999 0.9999 0.9999 0.9999 0.9999 0.9999 0.9999 0.9999 0.9999 0.9999 0.9999 0.9999 0.9999 0.9999 0.9999 0.9999 0.9999 0.9999 0.9999 0.9999 0.9999 0.9999 0.9999 0.9999 0.9999 0.9999 0.9999 0.9999 0.9999 0.9999 0.9999 0.9999 0.9999
49 49
18.7688
0.9393 0.3698 0.4916 0.0805 0.6605 0.1855 0.9207 0.7480 0.5536 0.7036 0.0655 0.9043 0.1763 0.0734 0.6832 0.4843 0.1090 0.8600 0.4475 0.8301 0.8220 0.6943 0.3974 0.5245 0.8450 0.4867 0.4842 0.6270 0.6080 0.0823 0.5448 0.1812 0.3422 0.4638 0.0734 0.4753 0.9634 0.7313 0.7332 0.9667 0.7811 0.0113 0.9754 0.3284 0.2684 0.0183 0.4920 0.4729 0.2356
48 48
17.2037
0.7906 0.0736 0.7428 0.1738 0.2297 0.8077 0.6468 0.0170 0.6989 0.1570 0.4477 0.1244 0.6774 0.8766 0.7295 0.9114 0.9443 0.2591 0.8535 0.2204 0.0223 0.9380 0.2319 0.4281 0.3304 0.5082 0.7229 0.2315 0.1448 0.6687 0.7920 0.5583 0.4355 0.1473 0.8891 0.1484 0.2436 0.7633 0.8707 0.2541 0.4884 0.5605 0.4145 0.9108 0.4032 0.3838 0.3953 0.0232
45 45
16.4226
0.4588 0.2680 0.0982 0.8484 0.6893 0.5829 0.1809 0.1193 0.5911 0.8355 0.9742 0.8305 0.2469 0.6421 0.3575 0.8285 0.8176 0.4023 0.6836 0.5144 0.0717 0.7736 0.2567 0.9855 0.0863 0.1602 0.6962 0.2669 0.8771 0.8942 0.0011 0.0291 0.0327 0.0919 0.0981 0.0442 0.8409 0.0322 0.3619 0.7356 0.2616 0.7529 0.7028 0.6375 0.9957
50 50
16.7267
0.0506 0.8668 0.3869 0.9898 0.6454 0.1778 0.9158 0.7813 0.1312 0.9189 0.2406 0.4951 0.3778 0.1965 0.8028 0.4376 0.5828 0.3207 0.9326 0.7463 0.9237 0.3866 0.9615 0.9952 0.5264 0.6232 0.4398 0.1050 0.7911 0.5241 0.3572 0.6617 0.4079 0.8199 0.4916 0.4395 0.7912 0.8515 0.3295 0.6721 0.5264 0.2995 0.8919 0.4054 0.6514 0.4358 0.0241 0.3249 0.0385 0.7463
49 49
17.5218
0.8352 0.4194 0.3741 0.9038 0.9084 0.4652 0.4657 0.1772 0.8544 0.8199 0.6016 0.7576 0.4348 0.3164 0.5883 0.2287 0.4221 0.8742 0.6649 0.0610 0.9336 0.5423 0.4218 0.3402 0.9441 0.2576 0.7959 0.5843 0.4864 0.5739 0.2582 0.7313 0.3203 0.0921 0.9692 0.5053 0.7243 0.1574 0.6331 0.6958 0.3743 0.4304 0.6987 0.3298 0.6939 0.7692 0.7541 0.0021 0.3193
47 47
25.6776
0.9109 0.4884 0.3662 0.5592 0.5087 0.6012 0.5950 0.3742 0.8458 0.4383 0.5009 0.0724 0.4023 0.4017 0.7306 0.4694 0.0962 0.8048 0.1911 0.5754 0.1487 0.0595 0.8037 0.3103 0.4030 0.2068 0.6632 0.2961 0.4797 0.3022 0.5590 0.3306 0.0520 0.3328 0.5087 0.9961 0.5056 0.2499 0.4865 0.3268 0.4712 0.6112 0.2631 0.0132 0.5111 0.6629 0.5827
45 45
17.0307
0.7897 0.9028 0.8896 0.0129 0.0492 0.6856 0.0083 0.1338 0.6017 0.5787 0.5119 0.8983 0.9820 0.6715 0.8659 0.5767 0.4570 0.0750 0.0908 0.4679 0.8750 0.8760 0.1169 0.4177 0.7781 0.8496 0.5124 0.5577 0.7829 0.7303 0.0052 0.1033 0.4787 0.6399 0.5381 0.1650 0.8843 0.7475 0.0244 0.8651 0.4507 0.0045 0.6548 0.2807 0.9058
